6154968888
6154230386
6154806556
6121727111
6147982082
6140772781
6153584094
6153053325
6155109909
6126381340
6152701047
6144158349
6152542473
5671091747
6145145220
6135898164
6100003097
6155876797
6155514788
6127335078
6127086381
6156105684
6124302781
6149589148
6122519984
5771377618
6154898349
6154483970
6122976670
6155131741
6049035481
6155534999
6153969260
6152074736
6127087128
5891335661
6049480358
6151052105
6150779087
6146515896
6126981595
6130055371
5766369722
6154834140
6154415595
6154268212
6135720370
6148580724
6121879289
6154812529
6154938394
6153504984
6153816839
6151837173
5978540689
6135213487
6107753380
6085249316
6156104931
6153634652
6149028119
6147320666
6045727196
6154958173
6115370669
6078810880
5183234852
6079828246
6154852948
6152401902
6155205923
6154764474
6119651559
5112695313
6145961211
6118961521
6123239204
6141736971
6154114725
6149168030
6136689306
6083537707
6097464400
6119580152
6154208219
6144537299
5773903333
6001862226
6154954705
6155415651
6154203121
6145009746
6143324740
6146856173
6149172711
6148600005
6114839929
5774440322
6140025631
6136705467
6144584951
6148407875
6154978739
6152935469
6127087745
6152001811
6155423580
6136620968
6135104206
6114289388
5190131299
6106404446
5145741742
6091538478
6092698715
6096832953
6062446366
6110039863
6153661470
6154586993
5489565611
5985261148
6122805910
6155471606
6155239590
6155214389
6154526099
5822818185
6150827455
6153963144
6153349072
6153570262
6152782621
6088267912
6154911102
6154842138
5708849212
6156081246
5150070677
6091536625
6153682207
6144812137
6133054826
6152386141
6145933952
5212875574
5530787446
6155328624
6124023100
6151201680
6154858586
6154251386
6153529527
6124020769
6154058804
6153571441
6108332660
6049321790
5973388738
6155751928
6155215397
6154974640
6153306729
6141150477
6103388370
6133077197
6130312868
6109837321
6111182962
6031607585
6109837300
6153600071
6153370657
6122803071
6125440210
5872172089
6124021803
6154585535
6153090439
6028252750
6152218603
6123318700
6129198339
6153184140
6122804372
6154669681
6153591098
6122521710
5722470197
6035828894
6154964976
6153774399
5514426995
6155246366
6154038699
6148091300
6148029924
6097896083
6155646612
6155159801
6107928970
5999744788
6152411097
6150579329
6139423902
6144821073
6132897698
6122616715
6153970622
6155102006
6150474018
6152077157
6155492960
6152315435
6150564423
6145813066
6124019780
6154361194
5770508138
6109352605
6154230577
6145213037
6153350184
6153445791
6111732759
6117337750
6154743762
6150213679
6148626787
6151457027
5910802742
5733852497
5722250654
6149516262
6153043820
6135925258
6112424877
6153304038
6150982602
6136806458
6155088298
6154824831
6155344967
5718917362
6150952178
6020511562
6146579116
6154123533
6154620262
6152030251
6119863603
6147974742
6154366963
6153664300
6128192202
5794067179
6113812243
5798455599
6155217622
5728747642
5737645859
6153680837
6146473462
6119013832
6155119408
6153790458
6155552670
6150738791
6144358283
6116891033
5182491826
5785901445
5738000825
6071373629
6097768175
5874858852
5767794408
6053603353
5734516167
6154077560
6149863281
6153803033
6134674477
6041690147
6155538004
6154346971
6059190624
6154737380
6063790668
5505568590
5986268339
6037493318
6153957215
6153604853
6141331365
6125672767
6130499901
6118364459
5768305059
6116822093
6032822130
5723278571
6096280262
6152461768
6127095191
5730194234
6074236063
5933315670
4967207113
5770930672
6084257804
6154765453
6154521550
6148261387
6038822180
6035063072
5781668292
5185343927
6154797460
6155440405
6144533746
6154255138
6147712088
6077255418
6102013718
6078176325
6033282659
5947177853
6156241715
6155418636
6154093556
6153002145
6133105663
6141352527
6135444507
6154679491
6154289007
6144005348
5768656019
6154799901
6155542031
6153077165
6145831574
6144892484
6133592494
6143707568
6097138816
6109428152
6062256997
6153321739
6140416638
6114741194
6114290660
6112354151
6140420250
6155049748
6135173754
6153079392
6153104741
6108763407
6136990217
6099240355
6080011522
6156266467
6153441449
6154805207
6112368910
6122353423
6150971313
6127088774
6119964089
6075643389
6153257715
6133050995
6151436340
6085112064
6121678049
6130299853
6102621181
5939570150
6156294006
6154224719
6154255668
6154421111
6153916589
6154329807
6154328394
6147229658
6131853236
6127089680
6093109752
6135877524
6099650963
5867747473
6149869400
6100675876
6128107333
6137352018
6155414263
6143521209
6141374416
6154926887
6146179091
6048506725
6048372158
5158130549
5891169298
6138668423
6127090867
6093786950
6079356445
5988827062
6154644396
6047649444
6144429420
6147901047
6153712077
6147844016
6145297476
6127091859
6152864189
6153851799
5759924568
6154213234
6153569515
6154036378
6147644594
6144760324
6144239759
6091868471
6109203971
6154870735
6091144655
6078222286
6029569905
5808040371
6154620928
6153649881
6123576736
6141923999
6127092872
5806175549
5776292765
6131287410
6153665815
6145030120
6094569552
5768744203
6137633293
6155101824
6154859810
5784386300
6130199476
6127093964
6155141915
6116379126
6155422647
6150967224
6154906007
6099768287
6152703115
6153538601
5775708559
6074214284
6154343260
5508087793
6146902054
6153486267
6155243236
6154347391
6145805292
6087138872
6061287140
6106977211
6150290885
6143406539
5768359444
6153232452
6155267932
5719135529
6152872948
5636830926
5728720117
6155381664
6155360262
6124729721
6154790143
6061538556
6153813432
5737421284
5720200398
6141327119
6154140914
5846403323
6142537342
5861825089
6154985826
6109995291
6045826421
6145752995
6154308744
6153460954
6148873306
6131244308
6145878807
6107090187
6138712846
6133159551
6152913279
6149717915
6154986833
6153966215
6154032089
6155510551
6154341233
6148935373
6114481961
6153938581
6153034377
6144559935
6114335557
6127354703
6094844161
5150036198
6153962576
6119079879
6101900611
6143145904
6154488536
6014018599
5962252463
5976777448
6069993515
6113810250
5780259223
5894275649
6154256417
6153617988
5150031782
6148207919
5749177596
6112276129
5919603723
6145903962
6031254822
6155344544
5731952714
5768829421
6153274813
6154651303
6112140839
6153813894
5718716509
6156220627
6131930849
6130700359
6154466204
6078183506
6078308896
5947534937
6143294960
5977002217
5960661477
6126380667
6078297439
5973713338
6155895716
6154945960
6085760718
6142538371
6091012658
6058572902
6141171238
6104497437
6147392177
6146058563
5974361482
6153966392
6139671454
6154263764
6145665054
6067374053
6154263172
6154289576
6153590189
6014561860
5150323008
6046486871
5768571642
5883914162
5734154760
6152995355
6146600703
6106083545
6098187000
6154251832
6144884004
6133262587
5772120045
6050397740
6143240790
6084440993
5737923525
6155469370
6154303844
5505836736
6153899622
6155068079
6152181722
6088076837
6153708401
6101926838
6153791863
6153610583
6153004455
6153907969
6141636606
6154033548
6118445366
6127953009
6075454597
6150784731
5863162923
6155065966
6138653946
6034001508
6086462309
6033973114
6006747347
6014631156
6142835804
6135831619
6155134026
6147552595
6104205573
6128968882
6155458317
6131072289
6098784211
5923866300
5673061377
6115550694
6104016873
6050144201
6050216318
6050211546
5673084309
6113250821
6117060315
6096404628
6147392422
6137168736
5734375680
5773937079
6150397459
6156008651
6153633952
6142139800
6146330273
5152999369
6154359266
6153269560
6154384275
6154648255
6092630388
6153310473
6146450142
6138153197
6106183657
6022978625
6145595307
6006901202
6152860038
6084236523
6155470248
6150926456
5748143494
6155985216
6155964580
6154597389
6155219082
6145164027
6154812261
6096408702
6079771276
6135976685
5846855634
5733482076
5656967860
6149969360
5861253410
6148217000
6145234863
6046502509
6155084666
6151464944
6145919854
6139723370
6116216864
6099748220
5499828088
6060928406
6153845417
6143090048
6154500590
6143740703
6132396823
5737792272
6151236188
6132187447
6149817825
6132187465
6155818022
6150648312
6056583976
6122521272
6132744965
6156333117
5709559176
6150954584
6150890567
6154759518
6124414724
6144537858
5562078930
6152991832
6154585345
6073613770
6152532790
6031761669
6155964353
6154965175
6155219356
6089611382
6153022912
6155616243
6151973257
5209341175
6154334634
6074512908
6036721937
6152849171
6058963855
5988925931
6153701496
5953132996
6151479632
6150757313
6146910771
5734965592
6137426310
6097737028
6153627466
6153097968
6105164881
5605047094
6147719654
5770414657
5822357977
6092623090
5840321636
5792321266
6155131183
5722569691
6152451761
6154841930
6153915449
5735668205
5992438436
5972926580
6153606667
6086929986
5257841892
6155887906
6154956426
6152666237
6121624487
5748277115
6110686550
6092517583
6145211534
6055961400
5015974604
6121062097
5733093224
5198476748
5767827908
6155187753
6149321121
6154525762
6145817477
6152296661
6128792673
6156071062
5192314103
6152787089
6153469104
6148669930
6130212161
5747967403
6153324363
6136698327
6146925881
5982054157
5894591309
5790168666
6123012419
5767556971
6154632958
6125338644
6122067450
6113804832
6154587850
6123489849
6123428464
6063700430
6020519307
6153609623
6151158808
5774014586
5734946439
6149903430
6149903416
5997007568
6102935108
5865158273
6030787695
5798315523
6153722888
6088007528
5750981548
5734208375
5793817135
5798312985
6141123581
6084768228
6154997303
6150620217
6148035313
6154329362
6121598715
6150824157
5183623585
6156214097
6113802476
6078310542
5834632686
6049912892
6049949778
5914246615
5989835911
6154638454
6156277051
6112235938
6154909846
5733124444
5761169859
6155689489
6154970550
6146123713
6114025493
6149578338
6153918753
5695566428
5920130140
5750112035
6155183472
6133320502
6054844275
6155982827
6148646493
6068073541
5767894184
5738300926
6113810989
6155409278
6154897662
6126795757
5839525885
6080950215
5571769920
6067382450
6154017414
6074398439
6146392096
6137451712
6122522829
6134141981
6132747143
6130272921
6146543193
6139178009
6078318478
6154988659
6153158464
6122566677
6148423466
6024873031
6047359503
5803572871
5836834784
6154900047
5115738589
6123577354
6137951101
6097179117
6078664536
6032143025
5675115652
6153616374
6134137248
6104517239
5900139222
6155284972
6140897079
5727213986
6091773119
6142994021
5226135010
6083672980
5806580685
5188588788
5722646307
6154899287
6101021338
5734471793
6154984298
6153925514
6149936954
6155911597
5493150318
6156298453
6154771089
6154446815
6156054962
6154810278
6146079569
6146996860
5710195495
6013641450
5855100011
6154625627
6087068647
6072273613
6155696604
6143562619
6154868350
5840538804
6151128358
5919578348
6155322356
6138576953
6130911385
6146965775
6140316156
5961355629
6143154074
6146180362
5945149434
6106802012
5767317863
6154080472
6154068652
5796518967
6092542783
6151621922
6148412544
5734624937
5606827634
5480436180
6155053904
6153982234
5804698598
6155048217
6155407415
5912042048
6151704472
6136340737
5876840244
6155124890
6154986917
5856825774
6093783096
6089386882
6146222319
6073329365
5784260147
5659832314
5799936189
5208626620
6155088927
5149746806
6124773347
5689123408
6154264781
6155995920
6150361260
6095215814
5724872013
6156310040
6050702309
5794962126
5934124418
5633084278
6153703277
6135084559
5659554293
5843259389
5737651703
6047015435
6154866381
6154866371
6153602295
5775438134
5800313938
5816389537
5737593021
5571204302
5818013394
5782788597
5734742269
6075116873
5800125652
5892608230
6152474283
6134996064
5999689037
6150345839
5137124322
6132239396
5932587166
6155281572
5831923366
6038820452
5150021804
5734445867
5734417733
5980019681
5735146504
5799384068
6153547686
6113370208
5776431061
5745947650
6124937685
6122377636
6148413590
5733660626
5801540863
6015224709
5800543026
6145311163
6138060810
6058421514
5946128363
6128957590
6121631296
6155371844
6133705989
6132773649
6098597436
6150029761
6141804347
6141804329
5843661458
5843662304
6038406288
6147681267
6108305149
6152450502
6149178600
6127578372
5848715278
6155427180
6085701763
6053056789
6151929534
6148520642
5850569113
6113607807
5727022376
5337619857
5764458600
5398719712
6154731909
6139347336
6154195347
6155005856
6154984767
6154984737
6144069081
6128217502
5675739076
5945150882
5776182938
5788898781
6147478777
6043248483
5829716147
5808765981
5192309124
6154094262
6149943421
5729742920
5788485398
5776667114
5730471485
5147268810
6154578868
6127682419
5688003326
5582566744
6053603579
5553948835
6152907401
5672662555
6123573613
5190650729
5929698816
5794831424
6154781515
6152855931
5721960417
5960693267
5735182778
5635397187
5200010713
5789674457
6123541537
5955732126
6155556758
6152713019
5734534020
5779519779
5775561333
5734877872
5688475361
6143742530
5568213612
5768560778
5733661534
6154949321
6151250011
5188548233
5183056792
5687799680
5775759494
5525710698
6156307598
6156251413
6143489136
5986312866
5737198933
5734911199
5729144704
5726312185
6072253955
6131165077
6155553265
6153792861
6140670588
6113755171
6106725685
6133331751
6118978385
5977401258
5578440340
5769194117
6118977871
5977321751
6024053183
5998615824
5919502935
6021274715
5979362462
5710773720
6088337324
5844901912
5785920994
6026179082
5862959463
5636895581
6035221896
5902946439
5204327476
5631459643
5999436201
5993458867
5739405713
5733572371
5954921550
6154770841
6070130298
5803910896
6154101452
6155491034
5149155863
5819613630
5734476351
6155555084
5249994971
5739677331
6085533793
5735013263
5779711129
6139144313
6034717805
6034717108
6155751812
5804475947
5739676012
5957658390
5973695632
5733693599
6095394573
5044236787
6155486191
6131872710
6154975782
5803921644
5702388004
5465986972
5703755832
5861642069
6055516771
5566878502
6151652167
5672829318
5707973942
5231575679
5995955327
5545948157
5246000655
5566868561
5566869385
6055477663
5583420500
5261091261
5734932007
5044166819
6149390773
6149396177
5560366381
5299384018
5786542867
5152896258
5707038213
5148378943
5103563184
5153239882
5535689272
5535689221
5736995359
5738308752
6154957689
6110449728
6070130885
5714313828
5151246443
5623042004
5874365441
5643830662
5806463234
5684270426
5732202443
5645175229
6106726270
5523625659
5297857584
6045095694
6142325860
6057450680
6150842698
5806447525
5222100998
5224559298
5790450620
5274522488
6155186610
5115238937
5866519725
5657695680
5572406046
4976416326
5739685918
5153341510
6011897016
6039101093
5349114470
5223111935
4937045448
5149811760
4964833571
5127276231
5203107473
5482131309
6055527840
5226624917
5148855014
5894536550
5771961761
5734519703
6153520935
5990514847
5566867512
5709500394
5534028689
6055472420
5572407981
5977359255
5086968544
5727826730
5145876360
5150909953
5237792921
5237772963
5798076793
5566870909
5164497051
5572404546
5153107497
5566883681
6153187593
4963742010
6010272191
5566886317
5689189112
5799479943
6155553786
5473324949
5218062441
5566880781
6055526759
5572406688
5851398359
5982251879
6154792530
5939466818
5958939673
6112764350
6066888573
6081705315
6148797648
6140170401
6153411729
6155028108
6123609989
6124879441
6140170605
6012308172
5951967622
6151276285
5286303449
5979107117
6154959102
5785089035
5794821754
5804087770
5827015530
6139303383
6054568234
6075645058
6051289792
6070047560
5764752313
6147974047
6130291374
5734609215
6154517600
6154208487
6154120751
6155002476
6155059423
6154051059
6132957114
5794153418
6140417705
6133500723
5069669298
6066881366
6148789761
6103543234
6114335260
6092842865
4994677067
5288513111
6155412772
6108325925
5763807462
6152879574
6148783849
6103553129
6140171139
6125177524
5151478669
5768545555
6150526533
5262677187
6005979491
6154252328
6153746483
6153794081
6142188048
6119388577
5765025374
5855578380
6153095942
5828390659
5764705060
5732898927
5644600091
5716366887
5716366840
5714625464
6142903962
6123572742
6154761056
6152299788
5735990298
5765495169
5788570144
5765040929
5692153886
5913514757
6152567007
5477514164
5363237295
6153557412
6137957873
6142004862
6129404657
5735374851
6123932317
5697982370
6109712683
5547410570
5069375325
6154166713
6136421213
6148858253
6127017054
5768077457
5863840562
5728421925
6131741672
6096569840
5147872140
6147564614
5763168490
6133498477
5862516846
5767997880
6133700957
6145128601
6150418183
5052161084
6155401794
6151592025
5887990978
5791479426
6155196356
6153380268
6108329547
5181770176
5763026125
5764514641
5549269617
5114695144
6148790890
6140170052
6155710366
6154454736
6142843026
6138462189
6130881084
5229338759
5926887266
5792212905
5753266077
5719528298
6148792027
5763827397
5796441864
5767993797
6153237015
5795191487
5797803885
6155211786
5839471603
6123554303
6110145088
5742943343
5699484639
5730303152
6153965440
6149723123
6026243852
5712881985
5731582991
5732324231
6153821475
5766506415
5711484863
6139933428
6149863456
6124447932
5159330287
5025925560
5785277319
5355853780
6154477167
6153134574
5734575007
6051754970
6154624317
5689112277
5765471588
5136046450
5647209391
5734881402
5673047064
5734650154
5174031212
5146457270
6098209400
5916824817
5891890282
6154441175
6154054085
6152020563
5740688256
5734498852
5764351846
5817585116
5525796493
5501031920
5482682833
6154298470
5178469768
6108100950
6067539086
6067346465
5732206331
5687111294
5381023436
5768226474
5797161603
5743325395
5010969660
5148956366
5782024669
5735537546
5649448855
5731925560
5731144189
6141707940
5826853304
5731929224
5731060715
6153524344
6153530731
5735879460
6150395433
6078039922
6154041360
6153793195
5689821679
6140034401
6060362070
5816893178
6156000556
5768230821
6152439918
5772936458
5772937997
5191639029
5698460015
5768211989
5735512928
5734674855
5474192241
5183165376
5799195809
5761606604
5762552449
5764546868
5180490383
5769377823
5737174962
5671184506
5525787165
5500783660
5454040513
5482683279
5472481598
5434631866
6113319031
5781624006
5770985370
5694021108
6154369556
6136326685
5179932464
5792145450
5725433402
5671263167
5110105880
6154617840
5814276720
5774469332
5729479266
5639162881
5781901255
5179701593
5163089762
5140290469
5125755639
5734459232
5731925982
5725067726
6155039564
5774480361
6151212248
5158929729
5150255274
5703211912
5786163059
6131036972
5764675987
5802577261
5948535091
5771210886
5078659751
5671137127
5644596924
5525786728
6147243554
6151042052
5735097348
5733912940
5733865150
5732345247
5693358978
5689251419
5765023924
5774902346
5489097306
4999945635
6069182933
5189914362
5864209204
5150019183
6014845173
5730221277
5185325805
6151166467
6147498710
5763834003
5146085019
5736436689
5721475468
6145668125
6146679420
5987884273
6133499898
5768125181
5703383345
5024859467
5178208111
5057798747
5017764629
5194735057
5115465841
5734352149
5801562205
5733188363
6152460037
5762309965
5731925692
6155549545
6154051518
6034894780
6034951043
5181333858
5733821433
5688412101
5665070425
5665070351
5591071852
5687787885
5133423325
5149681124
5102809501
5163933320
5585813929
5185962235
5735004210
5744267671
5738494466
5738308217
5768700692
5762334281
5187348134
6140163083
5735172465
5731925393
5633594190
5770874876
6098209783
5742306136
6154040613
6153113324
6143449986
5864624398
5266863706
4934139697
5768151999
5066228851
5748295961
5525788639
5500788207
5180787624
5725268893
6153879955
6139451222
6021710442
5916255160
5734569708
5734494940
5732654759
5732225591
5732166069
5885755629
5796460502
5741157360
5744824423
5731874424
5713905958
5691212497
6026513080
6154826744
6140027732
5173527490
5249100825
5249100708
5711711236
5525840066
5805713970
5743244992
5687524262
6153233420
5181979389
5731926581
5082983701
5147662851
5182328616
6140168889
5998314034
5732302769
5671264265
5525795919
5500794120
5482680416
5472484994
5117808838
5165645517
5649552423
6152846773
5150070842
5137023994
6154059134
5719354385
5152627179
5151598756
5150544697
6062921720
5698871448
5731931257
5135449314
6152263263
5764096071
5279855619
5793683106
5762918471
5379703629
5017765854
5098299131
5752789101
5181783943
5185081145
5181919054
5153376911
5782303500
5726937647
5722676408
5720597087
5832886180
6052570570
5718571384
5267582473
5119507804
5141173631
6153774656
5732244608
5742996633
5735122388
5766338433
5162476351
5275804081
6094320235
6153636037
5665792017
5711505394
5146246972
6148798280
5724574288
6154611100
6135595799
6073125241
5973145116
5813852138
5735529730
5734060424
6155500283
6155327557
5820795246
5180088223
6112273391
5733702165
5380736138
5280891313
5188853520
5181159525
5835683888
5227306796
5167512978
5153310748
5143545118
5982357862
5770010489
5768080836
5713715576
5671266300
5648997040
5525803877
5501032060
5482682155
5472486216
5448535529
5434657467
5268162303
5733826758
6152794925
5880187890
6120932414
6085068404
5735340906
5734451976
6068611575
6067345495
5769301585
5185603321
5728662614
5734716066
5232303465
5739414976
5156470992
5852802742
5778554338
5729321853
5251617816
5568486028
5735683569
5720512364
5703477630
6087663079
4980210151
4980210948
5735211369
5649011533
5152530394
5022678552
5132119942
6135859173
5534200551
5534200503
5534200498
5534200400
5763828814
5098283832
5732118728
5275212270
5731932462
5504002717
5147081475
5095861539
5768116930
5768666409
5731333350
5366336263
6087959957
6087960997
6087961730
6066886631
6153415212
5674359216
5751015440
5190219110
5248005970
5271043189
5126961871
5206794489
5046561181
5150364657
6127020840
5765369795
5737584601
5096258438
5141840513
5222281729
5190340600
5124025198
5623142650
6135923623
5929480112
5766792430
5733943458
5719429946
5688897208
5688897166
5546559620
5765017953
5181386301
5150625462
5144168728
5144167281
5733996908
5127699257
6146366863
6093461325
5190342553
6082480397
5521054079
5188893113
5818516266
5150398691
5061163072
6148766250
6154234420
5768101517
5180758141
6079532730
6035955514
5769769458
5037423819
4965875209
4980221666
5292736538
5769393187
5231453396
6091099463
6079614173
5623141134
5137175407
5151945227
6155045133
5712361176
5150733133
5066088496
5030467134
5841179890
5671283360
5649001206
5525839171
5434656662
6155044773
6135859497
6143192910
5734907295
5733503889
5733503815
5730400685
5723410427
5054221202
5122837074
5623138221
5181936526
6154028211
5729432423
5697325079
6151293750
6156409551
6156528157
6013968290
6156378540
